B2-rewXi 0 136976 136977 136978 136979
CD_dinop_hard-rewXi 0 136980 136981 136982 136983
B2-rewXi 1 136984 136985 136986 136987
CD_dinop_hard-rewXi 1 136988 136989 136990 136991
B2-rewXi 2 136992 136993 136994 136995
CD_dinop_hard-rewXi 2 136996 136997 136998 136999
B2-rewXi 3 137000 137001 137002 137003
CD_dinop_hard-rewXi 3 137004 137005 137006 137007
B2-rewXi 4 137008 137009 137010 137011
CD_dinop_hard-rewXi 4 137012 137013 137014 137015
B2 3 137028 137029 137030 137031
CD_dinop_hard 3 137032 137033 137034 137035
B2 4 137036 137037 137038 137039
CD_dinop_hard 4 137040 137041 137042 137043
