CD_dinop_hard-rewXi-l7.75 0 137443 137444 137445 137446
CD_dinop_hard-rewXi-l31 0 137447 137448 137449 137450
CD_dinop_hard-rewXi-l62 0 137451 137452 137453 137454
CD_dinop_hard-rewXi-R1 0 137455 137456 137457 137458
CD_dinop_hard-rewXi-R5 0 137459 137460 137461 137462
CD_dinop_hard-rewXi-noisiest 0 137463 137464 137465 137466
CD_dinop_hard-rewXi-bilinear 0 137467 137468 137469 137470
CD_dinop_hard-rewXi-bf16 0 137471 137472 137473 137474
CD_dinop_hard-rewRi-s16 0 137475 137476 137477 137478
CD_dinop_hard-rewRi-e25 0 137479 137480 137481 137482
CD_dinop_hard-rewXi-l7.75 1 137483 137484 137485 137486
CD_dinop_hard-rewXi-l31 1 137487 137488 137489 137490
CD_dinop_hard-rewXi-l62 1 137491 137492 137493 137494
CD_dinop_hard-rewXi-R1 1 137495 137496 137497 137498
CD_dinop_hard-rewXi-R5 1 137499 137500 137501 137502
CD_dinop_hard-rewXi-noisiest 1 137503 137504 137505 137506
CD_dinop_hard-rewXi-bilinear 1 137507 137508 137509 137510
CD_dinop_hard-rewXi-bf16 1 137511 137512 137513 137514
CD_dinop_hard-rewRi-s16 1 137515 137516 137517 137518
CD_dinop_hard-rewRi-e25 1 137519 137520 137521 137522
CD_dinop_hard-rewXi-l7.75 2 137523 137524 137525 137526
CD_dinop_hard-rewXi-l31 2 137527 137528 137529 137530
CD_dinop_hard-rewXi-l62 2 137531 137532 137533 137534
CD_dinop_hard-rewXi-R1 2 137535 137536 137537 137538
CD_dinop_hard-rewXi-R5 2 137539 137540 137541 137542
CD_dinop_hard-rewXi-noisiest 2 137543 137544 137545 137546
CD_dinop_hard-rewXi-bilinear 2 137547 137548 137549 137550
CD_dinop_hard-rewXi-bf16 2 137551 137552 137553 137554
CD_dinop_hard-rewRi-s16 2 137555 137556 137557 137558
CD_dinop_hard-rewRi-e25 2 137559 137560 137561 137562
